capture1 = [1553868003,36.20 1067
1553868007,36.20 1075
1553868011,36.20 1070
1553868015,36.30 1086
1553868019,36.10 1053
1553868023,36.10 1069
1553868027,36.10 1087
1553868031,36.10 1088
1553868035,36.00 1073
1553868039,35.90 1081
1553868043,35.80 1062
1553868047,35.80 1086
1553868051,35.70 1071
1553868055,35.70 1076
1553868059,35.90 1061
1553868063,36.00 1075
1553868067,36.00 1085
1553868071,36.20 1063
1553868075,36.10 1077
1553868079,36.10 1077
1553868083,36.00 1061
1553868087,36.00 1083
1553868091,36.00 1057
1553868095,36.00 1076
1553868099,36.10 1059
1553868103,36.10 1077
1553868107,36.00 1082
1553868111,36.00 1079
1553868115,35.90 1074
1553868119,35.80 1078
1553868123,35.70 1073
1553868127,35.80 1087
1553868131,35.90 1069
1553868135,35.90 1075
1553868139,36.00 1066
1553868143,36.10 1064
1553868147,36.30 1052
1553868151,36.40 1065
1553868155,36.40 1094
1553868159,36.40 1069
1553868163,36.30 1075
1553868167,36.30 1068
1553868171,36.20 1081
1553868175,36.10 1095
1553868179,36.10 1088
1553868183,36.00 1081
1553868187,36.00 1057
1553868191,35.90 1075
1553868195,35.90 1088
1553868199,35.90 1094
1553868203,36.10 1075
1553868207,36.20 1070
1553868211,36.20 1081
1553868215,36.20 1088
1553868219,36.30 1076
1553868223,17.90 1051
1553868227,36.20 1068
1553868231,36.20 1093
1553868235,36.10 1106
1553868239,36.10 1059
1553868243,36.00 1094
1553868247,35.90 1084
1553868251,35.90 1080
1553868255,35.90 1089
1553868259,35.90 1076
1553868263,35.90 1096
1553868267,36.00 1055
1553868271,36.00 1068
1553868275,36.10 1082
1553868279,36.10 1071
1553868283,36.20 1073
1553868287,36.20 1067
1553868291,36.30 1079
1553868295,36.20 1081
1553868299,36.20 1061
1553868303,36.20 1071
1553868307,36.20 1086
1553868311,36.30 1038
1553868315,36.30 1067
1553868319,36.30 1078
1553868323,36.20 1060
1553868327,36.30 1052
1553868331,36.20 1083
1553868335,36.20 1093
1553868339,36.10 1097
1553868343,23.20 1089
1553868347,35.90 1074
1553868351,35.80 1077
1553868355,35.80 1080
1553868359,35.90 1086
1553868363,35.90 1087
1553868367,36.00 1067
1553868371,36.00 1074
1553868375,36.00 1072
1553868379,36.00 1105
1553868383,36.00 1084
1553868387,36.00 1084
1553868391,36.00 1059
1553868395,36.10 1056
1553868399,36.10 1069
1553868403,36.10 1103
1553868407,36.10 1093
1553868411,36.00 1097
1553868415,36.00 1055
1553868419,36.00 1081
1553868423,36.10 1074
1553868427,36.10 1077
1553868431,17.00 1092
1553868435,36.20 1065
1553868439,36.20 1058
1553868443,36.20 1092
1553868447,36.10 1089
1553868451,36.10 1080
1553868455,36.10 1078
1553868459,36.00 1068
1553868463,35.90 1096
1553868467,35.90 1091
1553868471,36.00 1075
1553868475,36.00 1067
1553868479,36.00 1085
1553868483,36.00 1076
1553868487,36.10 1087
1553868491,36.10 1068
1553868495,36.00 1089
1553868499,36.00 1074
1553868503,36.00 1071
1553868507,35.90 1079
1553868511,35.90 1060
1553868515,35.90 1087
1553868519,35.90 1066
1553868523,35.90 1077
1553868527,222.70 1096
1553868531,35.80 1072
1553868535,35.90 1064
1553868539,35.80 1092
1553868543,35.80 1108
1553868547,35.80 1064
1553868551,35.90 1080
1553868555,222.70 1081
1553868559,35.90 1072
1553868563,36.00 1074
1553868567,36.00 1072
1553868571,18.00 1068
1553868575,36.00 1093
1553868579,35.90 1072
1553868583,35.90 1075
1553868587,36.00 1090
1553868591,36.00 1064
1553868595,34.70 3303
1553868599,31.10 11602
1553868603,29.00 24890
1553868607,26.80 41312
1553868611,22.30 54893
1553868615,17.80 83978
1553868619,15.50 127692
1553868623,13.20 127692
1553868627,8.70 127692
1553868631,4.20 127692
1553868635,1.10 467941
1553868639,0.20 467941
1553868643,0.00 467941];