capture1= [737513.455004,8.90 4228
737513.45505,8.90 3893
737513.455097,9.00 4069
737513.455143,9.00 4252
737513.455189,9.10 4031
737513.455236,9.30 3685
737513.455282,9.40 4162
737513.455328,9.60 3948
737513.455375,9.80 3681
737513.455421,9.80 3764
737513.455467,9.80 3838
737513.455513,9.90 3735
737513.45556,10.10 3882
737513.455606,10.00 3641
737513.455652,10.10 3654
737513.455699,10.20 3905
737513.455745,10.20 4156
737513.455791,10.10 4635
737513.455837,10.00 3975
737513.455884,9.90 4167
737513.45593,9.70 4099
737513.455976,9.50 3876
737513.456023,9.30 4159
737513.456069,9.20 4182
737513.456115,9.10 2395
737513.456162,10.50 2628
737513.456208,11.20 2543
737513.456254,12.00 2014
737513.4563,14.10 1831
737513.456347,16.20 1976
737513.456393,18.20 1765
737513.456439,18.70 1792
737513.456486,19.50 2049
737513.456532,20.50 1877
737513.456578,20.50 1926
737513.456625,20.60 1813
737513.456671,20.90 1958
737513.456717,20.60 2724
737513.456763,19.30 7153
737513.45681,17.50 6746
737513.456856,15.60 5758
737513.456902,14.00 6353
737513.456949,12.10 8008
737513.456995,10.10 7280
737513.457041,8.10 5810
737513.457087,6.60 7272
737513.457134,5.90 8910
737513.45718,5.70 6991
737513.457226,5.70 6533
737513.457273,5.50 5468
737513.457319,5.90 2433
737513.457365,6.80 6460
737513.457412,209.00 1758
737513.457458,11.50 1634
737513.457504,13.80 3815
737513.45755,15.40 2594
737513.457597,16.50 6272
737513.457643,16.50 2316
737513.457689,18.80 1484
737513.457736,19.70 1660
737513.457782,19.90 1625
737513.457828,20.70 1567
737513.457875,21.90 1399
737513.457921,24.50 1861
737513.457967,24.80 1353
737513.458013,25.70 1490
737513.45806,26.00 1503
737513.458106,217.60 1242
737513.458152,27.40 1328
737513.458199,28.30 1266
737513.458245,28.50 1314
737513.458291,28.40 1234
737513.458337,219.70 1225
737513.458384,29.50 1003
737513.45843,29.70 2783
737513.458476,30.60 1027
737513.458523,32.30 1019
737513.458569,34.40 1089
737513.458615,36.60 829
737513.458662,19.50 844
737513.458708,41.90 866
737513.458754,43.10 873
737513.4588,44.40 858
737513.458847,45.20 873
737513.458893,44.70 880
737513.458939,44.30 898
737513.458986,43.90 889
737513.459032,43.50 921
737513.459078,43.10 899
737513.459124,42.90 904
737513.459171,42.80 906
737513.459217,42.60 909
737513.459263,42.70 911
737513.45931,40.50 1498
737513.459356,37.70 4796
737513.459402,33.30 2219
737513.459449,30.10 1134
737513.459495,27.10 3070
737513.459541,23.10 1441
737513.459587,21.20 1059
737513.459634,23.50 1107
737513.45968,27.70 1173
737513.459726,29.70 1233
737513.459773,31.70 1252
737513.459819,32.90 1259
737513.459865,31.90 1263
737513.459912,31.10 1293
737513.459958,30.40 1337
737513.460004,30.00 1318
737513.46005,29.80 1324
737513.460097,29.50 1333
737513.460143,29.30 1350
737513.460189,29.30 1318
737513.460236,29.30 1373
737513.460282,29.30 1312
737513.460328,29.20 1417
737513.460375,28.80 1387
737513.460421,28.30 1766
737513.460467,27.20 5658
737513.460513,24.30 15082
737513.46056,22.60 29542
737513.460606,20.80 42757
737513.460653,18.90 59411];
