capture1 = [737513.476841,0.00 0
737513.476887,0.00 0
737513.476934,0.00 10035
737513.47698,0.70 4738
737513.477026,1.70 4671
737513.477073,2.80 5118
737513.477119,3.80 4501
737513.477165,4.80 1124
737513.477211,10.10 4310
737513.477258,12.20 2547
737513.477304,13.00 11758
737513.47735,13.80 2223
737513.477397,15.00 2253
737513.477443,16.10 2499
737513.477489,16.50 2610
737513.477535,15.90 3571
737513.477582,14.60 3481
737513.477628,14.70 3065
737513.477674,15.40 2720
737513.477721,14.70 1804
737513.477767,15.20 2384
737513.477813,15.90 2158
737513.477859,15.80 2594
737513.477906,16.20 1473
737513.477952,17.70 2377
737513.477998,9.30 2252
737513.478045,19.00 2185
737513.478091,18.10 3045
737513.478137,17.50 2893
737513.478184,16.90 2957
737513.47823,16.40 2734
737513.478276,15.80 2696
737513.478323,14.70 1844
737513.478369,14.50 1294
737513.478415,15.50 2176
737513.478461,17.50 2467
737513.478508,17.20 3009
737513.478554,16.70 3275
737513.4786,16.60 3447
737513.478647,16.10 3195
737513.478693,15.40 2901
737513.478739,14.00 2987
737513.478785,12.00 9799
737513.478832,10.20 19022
737513.478878,9.80 35158
737513.478924,9.20 47282
737513.478971,8.60 68070
737513.479017,7.90 86939
737513.479063,7.10 123902
737513.47911,5.70 123902
737513.479156,4.10 287761
737513.479202,2.30 287761];