temp = [5.30 7141
                                                                     
5.30 7100
                                                                     
5.30 7193
                                                                     
5.30 7663
                                                                     
5.30 7019
                                                                     
5.40 7372
                                                                     
5.40 7385
                                                                     
5.40 6935
                                                                     
5.40 7208
                                                                     
5.40 7596
                                                                     
5.40 7237
                                                                     
5.40 7248
                                                                     
5.40 7278
                                                                     
5.30 7381
                                                                     
5.30 7174
                                                                     
5.30 6990
                                                                     
5.30 7222
                                                                     
5.40 6968
                                                                     
5.40 7406
                                                                     
5.40 7397
                                                                     
5.40 7273
                                                                     
5.40 6850
                                                                     
5.40 7377
                                                                     
5.40 7382
                                                                     
5.40 7406
                                                                     
5.40 7197
                                                                     
5.40 7066
                                                                     
5.40 7396
                                                                     
5.40 7282
                                                                     
5.40 7182
                                                                     
5.40 7369
                                                                     
5.40 7039
                                                                     
5.40 7064
                                                                     
5.40 7147
                                                                     
5.40 6975
                                                                     
5.40 7185
                                                                     
5.40 7226
                                                                     
5.50 7219
                                                                     
5.50 7109
                                                                     
5.50 7574
                                                                     
5.50 7057
                                                                     
5.50 7268
                                                                     
5.50 7580
                                                                     
5.40 7163
                                                                     
5.40 7047
                                                                     
5.40 7243
                                                                     
5.40 7417
                                                                     
5.40 7361
                                                                     
5.40 7393
                                                                     
5.40 6953
                                                                     
5.40 6854
                                                                     
5.40 6912
                                                                     
5.50 7251
                                                                     
5.40 7107
                                                                     
5.50 7336
                                                                     
5.40 7604
                                                                     
5.40 6975
                                                                     
5.50 6741
                                                                     
5.50 6924
                                                                     
5.50 7203
                                                                     
5.40 7133
                                                                     
5.40 7232
                                                                     
5.40 7201
                                                                     
5.50 6599
                                                                     
5.50 6590
                                                                     
5.50 7474
                                                                     
5.50 7293
                                                                     
5.50 6982
                                                                     
5.50 7147
                                                                     
5.50 7089
                                                                     
5.50 7250
                                                                     
5.50 7216
                                                                     
5.40 7279
                                                                     
5.40 6988
                                                                     
5.40 7264
                                                                     
5.50 7089
                                                                     
5.50 6967
                                                                     
5.50 6927
                                                                     
5.50 7019
                                                                     
5.50 7321
                                                                     
5.50 7018
                                                                     
5.50 7459
                                                                     
5.40 7365
                                                                     
5.40 7185
                                                                     
5.40 7537
                                                                     
5.40 7404
                                                                     
5.30 7325
                                                                     
5.30 7001
                                                                     
5.40 7349
                                                                     
5.30 7321
                                                                     
5.30 7376
                                                                     
5.40 6961
                                                                     
5.40 7281
                                                                     
5.40 7046
                                                                     
5.50 6841
                                                                     
5.50 6852
                                                                     
5.50 7159
                                                                     
5.50 7118
                                                                     
5.50 6682
                                                                     
5.50 7008
