table = [11.18, 197630.28
12.08, 193480.57
12.53, 221822.28
13.20, 200749.71
13.20, 216758.85
13.65, 209973.71
14.09, 186400.57
14.32, 202972.00
14.32, 218163.42
14.54, 185997.14
14.32, 194491.42
14.32, 151979.42
14.09, 190536.57
14.09, 198307.42
14.09, 204735.42
13.87, 219381.14
13.87, 185530.28
13.87, 189939.42
14.09, 183141.71
14.09, 197204.57
14.09, 196335.42
14.32, 182870.28
14.32, 197123.42
14.32, 198235.42
14.32, 195882.28
14.32, 179767.42
14.32, 196180.00
14.32, 186337.14
14.09, 184294.85
14.32, 193213.71
14.32, 214374.85
14.32, 170286.85
14.54, 180018.85
14.32, 178325.14
14.32, 192317.14
14.54, 186158.28
14.54, 181308.57
14.54, 191188.57
14.54, 195881.14
14.32, 210648.57
14.32, 197715.42
14.32, 201782.85
14.32, 193942.28
14.32, 226756.57
14.09, 211422.28
14.09, 200466.28
14.09, 197685.71
13.87, 191906.28
13.87, 192115.42
13.87, 188865.71
13.87, 182905.71
13.65, 189866.28
13.65, 202305.71
13.65, 190108.57
13.65, 192534.28
13.87, 194977.14
13.65, 193131.42
13.65, 204018.28
13.65, 206743.42
13.87, 205800.57
13.65, 181313.14
13.87, 189484.57
13.87, 211336.00
13.87, 182211.42
13.87, 179820.57
14.09, 158360.57
14.76, 120419.43
14.99, 134239.42
15.66, 93277.14
16.55, 94796.00
17.45, 96046.29
18.34, 97496.00
18.79, 90508.57
19.91, 88804.00
21.03, 84037.71
22.15, 85776.57
23.26, 86396.57
24.38, 84418.86
25.50, 84532.57
26.40, 87889.71
27.51, 86689.14
28.63, 84887.43
29.08, 80877.71
29.75, 87897.71
30.20, 89874.29
30.42, 85179.43
30.42, 87852.57
30.65, 92242.29
31.32, 90190.29
31.32, 84453.14
31.32, 91514.86
31.32, 87771.43
31.32, 88785.14
31.09, 87013.71
31.09, 90303.43
31.09, 91946.86
31.09, 89134.29
30.87, 86346.29
30.87, 91301.14
30.87, 89166.86
30.65, 85014.86
30.87, 91456.00
30.87, 89450.29
30.87, 88217.71
30.87, 94081.14
30.65, 98381.14
30.42, 94744.00
30.42, 92833.71
30.20, 91260.57
30.20, 95290.29
29.97, 93994.86
29.97, 92197.14
29.97, 92191.43
29.97, 91629.14
29.97, 91534.29
29.97, 93781.14
29.97, 90490.86
29.75, 85889.71
29.75, 84498.29
29.97, 88043.43
29.97, 85602.29
29.97, 90784.00
30.20, 90486.29
30.20, 94885.71
30.20, 102304.57
29.08, 276960.00
28.86, 79482.29
28.63, 104008.00
28.19, 226194.28
27.29, 120855.43
26.84, 105780.57
25.72, 200749.14
24.38, 349174.28
22.59, 490315.43
20.58, 858742.31
19.01, 208587.42
18.34, 170604.00
16.55, 457837.71
15.66, 159889.14
14.76, 105088.57
14.76, 98362.29
15.66, 106942.86
15.88, 103504.57
15.88, 93359.43
16.33, 107456.00
17.00, 99112.57
17.00, 102770.86
18.12, 110308.00
19.24, 107298.86
20.58, 93590.86
22.37, 92354.29
23.94, 91460.57
24.38, 86920.00
26.17, 97621.14
27.07, 93618.86
27.96, 97442.29
27.51, 217274.28
26.62, 46328.57
28.63, 38233.14
31.99, 36318.28
34.90, 39610.28
37.36, 46661.71
40.94, 25421.14
45.86, 27433.14
50.55, 28450.29
54.58, 28986.29
59.28, 27121.72
63.75, 27334.29
67.78, 25599.43
72.48, 26336.00
77.17, 25151.43
82.10, 25954.86
86.57, 132161.71
86.35, 296941.15
82.99, 506956.00
82.99, 717335.43
78.07, 926958.87
73.37, 1069133.12
73.37, 1251947.37
69.12, 1510982.87
63.98, 1510982.87
57.49, 2014139.37
51.23, 2014139.37
45.41, 2014139.37
39.15, 2014139.37
32.66, 2014139.37
26.62, 2014139.37
20.13, 2014139.37
13.42, 2014139.37
6.71, 2014139.37
0.89, 2014139.37
0.45, 2014139.37
0.00, 2014139.37
0.00, 2014139.37
0.00, 2014139.37
0.00, 2014139.37];