
table = [7.16, 179.09
7.38, 173.43
7.38, 182.96
7.38, 179.47
7.38, 167.59
7.38, 164.40
7.38, 170.36
7.38, 169.06
7.38, 160.89
7.61, 180.29
7.61, 175.31
7.61, 173.60
7.61, 174.12
7.61, 162.77
7.61, 168.27
7.61, 167.98
7.61, 152.59
7.61, 168.83
7.61, 173.87
7.61, 166.56
7.61, 186.35
7.61, 200.97
7.83, 202.90
7.83, 208.22
8.05, 208.03
8.05, 192.37
8.05, 180.89
8.28, 209.31
8.28, 206.38
8.50, 210.72
8.50, 209.76
8.72, 201.75
8.72, 209.44
8.95, 204.84
8.95, 191.47
9.17, 204.81
9.17, 203.58
9.17, 216.03
9.17, 222.07
9.40, 225.76
9.40, 207.01
9.40, 195.46
9.40, 192.57
9.40, 217.29
9.40, 209.50
9.40, 207.31
9.40, 190.82
9.40, 204.88
9.40, 184.80
9.40, 213.86
9.40, 219.67
9.40, 211.21
9.40, 218.04
9.40, 210.41
9.40, 200.23
9.40, 207.09
9.40, 202.09
9.40, 207.61
9.40, 197.23
9.17, 202.01
9.17, 169.00
9.17, 192.73
9.17, 200.57
9.17, 190.85
9.17, 201.88
9.17, 194.91
9.17, 201.08
9.17, 212.32
9.17, 201.26
9.17, 263.66
9.40, 257.94
9.40, 242.88
9.62, 233.23
9.62, 251.46
9.84, 248.39
9.84, 231.50
10.07, 245.69
10.29, 243.25
10.29, 249.55
10.51, 241.63
10.51, 247.74
10.74, 250.40
10.96, 251.03
10.96, 258.43
10.96, 230.49
10.96, 239.54
10.51, 239.54
10.29, 127.48
10.07, 156.02
9.84, 193.33
9.84, 229.17
9.40, 210.42
9.40, 197.60
8.95, 228.61
9.17, 320.10
9.40, 320.11
9.62, 341.39
9.84, 347.33
10.07, 332.71
10.29, 320.92
10.51, 293.15
10.74, 329.36
11.18, 220.44
11.41, 261.02
11.86, 285.59
12.08, 276.90
12.30, 280.45
12.75, 268.56
12.97, 281.94
13.42, 253.25
13.20, 269.05
13.20, 271.91
12.97, 261.01
12.53, 258.94
12.53, 271.31
12.30, 259.37
12.30, 289.08
12.08, 272.44
12.08, 271.44
12.30, 277.06
12.30, 273.20
12.30, 280.97
12.30, 270.01
12.30, 271.66
12.08, 264.55
12.30, 278.71
12.30, 301.23
12.30, 281.97
12.30, 274.60
12.30, 273.07
12.30, 262.94
12.30, 285.84
12.30, 272.37
12.30, 267.75
12.08, 197.02
11.86, 176.81
11.63, 158.24
11.41, 244.92
11.41, 283.61
11.41, 290.80
11.63, 292.63
11.63, 262.48
11.41, 238.65
11.63, 345.16
11.86, 358.64
12.08, 363.66
12.53, 357.67
12.75, 365.68
12.97, 354.20
13.20, 369.59
13.65, 371.07
14.32, 355.94
14.76, 361.80
15.21, 362.14
15.21, 204.24
14.76, 110.69
14.76, 110.69
14.09, 110.69
14.09, 51.85
14.09, 51.85
14.09, 51.85
14.09, 51.85
13.42, 51.85
12.75, 51.85
11.86, 51.85
10.74, 51.85
9.84, 51.85
9.84, 13.98
9.84, 13.98
8.72, 13.98
7.61, 13.98
6.71, 13.98
5.59, 13.98
4.47, 12.46
3.58, 12.46
2.46, 12.46
1.34, 12.46
0.45, 12.46
0.00, 12.46
0.00, 12.46];