table = [13.20, 286.76
13.20, 297.62
13.20, 297.27
13.20, 296.69
13.20, 289.15
13.20, 294.74
13.20, 293.61
13.20, 293.16
13.20, 299.39
13.42, 293.59
13.42, 295.33
13.42, 290.23
13.42, 293.53
13.42, 292.73
13.42, 293.15
13.42, 296.78
13.42, 294.80
13.42, 294.94
13.42, 294.90
13.42, 288.77
13.42, 289.03
13.20, 295.54
13.20, 293.92
13.20, 296.03
13.20, 290.75
13.20, 295.04
13.20, 294.25
13.42, 301.01
13.42, 300.59
13.42, 290.19
13.42, 293.45
13.42, 292.53
13.42, 291.66
13.42, 288.13
13.42, 286.45
13.42, 298.28
13.42, 292.83
13.42, 290.98
13.42, 293.69
13.42, 297.05
13.42, 295.22
13.42, 290.01
13.20, 292.21
13.20, 292.22
13.20, 287.21
13.20, 292.45
13.20, 295.71
13.20, 292.04
13.20, 293.12
13.20, 288.12
13.20, 288.37
13.20, 291.49
13.20, 286.94
13.20, 290.48
13.20, 293.77
13.20, 296.17
13.20, 291.51
13.20, 289.76
13.20, 288.72
13.20, 289.77
13.20, 293.35
13.20, 292.81
13.20, 289.42
13.20, 291.55
13.20, 288.16
13.20, 292.22
13.20, 295.47
13.20, 295.46
13.20, 291.13
13.20, 289.63
13.20, 297.01
13.20, 296.14
13.20, 289.47
13.20, 290.30
13.20, 290.21
13.20, 290.99
13.20, 292.33
13.20, 296.03
13.20, 287.78
13.20, 293.75
13.20, 290.92
13.20, 292.18
13.20, 291.77
13.20, 285.93
13.20, 290.66
13.20, 290.66
13.20, 294.30
13.20, 292.84
13.20, 295.88
13.20, 290.46
13.20, 292.96
13.20, 296.28
13.20, 287.38
13.20, 292.03
13.20, 301.62
13.20, 300.93
13.20, 288.73
13.20, 292.80
13.20, 293.40
13.20, 294.30
13.42, 293.97
13.42, 291.91
13.42, 292.09
13.42, 291.14
13.42, 283.66
13.42, 292.25
13.42, 292.93
13.42, 292.53
13.42, 289.72
13.42, 293.00
13.42, 293.03
13.42, 297.97
13.42, 291.28
13.42, 292.90
13.42, 287.20
13.42, 289.72
13.42, 291.76
13.20, 294.57
13.20, 298.76
13.20, 291.70
13.20, 292.45
13.42, 293.12
13.42, 295.82
13.42, 294.68
13.42, 298.38
13.42, 295.80
13.42, 290.73
13.42, 292.99
13.42, 292.19
13.42, 295.21
13.42, 288.66
13.42, 290.35
13.42, 286.59
13.42, 288.21
13.42, 291.02
13.42, 290.60
13.42, 294.56
13.42, 292.23
13.20, 292.76
13.20, 290.96
13.20, 287.31
13.20, 286.09
13.20, 291.10
13.20, 292.62
13.20, 295.15
13.20, 290.19
13.20, 288.53
12.97, 287.11
13.20, 292.40
13.20, 285.43
12.97, 291.62
13.20, 293.61
13.20, 292.78
13.20, 293.58
13.20, 296.26
13.20, 291.86
13.20, 298.20
13.20, 293.00
13.20, 289.15
13.20, 293.38
13.20, 288.00
13.20, 289.43
13.20, 289.91
13.20, 290.96
13.20, 289.52
13.20, 286.91
13.20, 283.99
13.20, 290.72
13.20, 287.68
13.20, 285.81
13.20, 289.99
13.20, 291.40
13.20, 285.94
13.20, 290.99
13.20, 290.69
13.20, 295.56
13.20, 283.82
13.20, 292.11
13.20, 288.52
13.20, 299.36
13.20, 290.20
13.20, 296.36
13.20, 293.12
13.20, 290.97
13.20, 292.32
13.20, 294.22
13.20, 289.25
13.20, 291.32
13.20, 291.05
13.20, 292.03
13.20, 293.00
13.20, 294.56
13.20, 299.97
13.20, 293.78
13.20, 292.91
13.20, 287.57
13.20, 284.82
13.20, 289.62
13.20, 290.10
13.20, 282.33
13.20, 281.24
13.20, 284.07
13.20, 291.49
13.20, 288.34
12.97, 288.08
12.97, 288.02
12.97, 282.57
12.97, 289.17
12.97, 291.79
12.97, 287.67
12.97, 284.61
12.97, 285.52
12.97, 289.64
12.97, 287.22];