table = [11.41, 246.33
11.41, 249.64
11.41, 249.53
11.41, 254.00
11.41, 252.63
11.41, 252.84
11.41, 255.63
11.41, 254.65
11.41, 246.99
11.41, 246.11
11.41, 244.10
11.41, 251.05
11.41, 244.40
11.41, 247.27
11.41, 254.58
11.41, 248.67
11.41, 247.54
11.41, 246.36
11.41, 249.82
11.41, 251.65
11.41, 251.53
11.41, 251.91
11.18, 247.27
11.18, 246.42
11.18, 253.35
11.18, 254.02
11.18, 244.57
11.18, 245.80
11.18, 243.31
11.18, 247.04
11.18, 249.88
11.18, 247.75
11.18, 250.72
11.18, 252.43
11.18, 252.44
11.18, 253.95
11.18, 247.30
11.18, 252.15
11.41, 250.97
11.41, 251.82
11.41, 251.61
11.41, 248.73
11.41, 248.67
11.41, 1103.02
11.41, 260.57
11.41, 285.57
11.63, 295.29
11.63, 289.75
11.86, 295.11
11.86, 301.82
12.08, 293.91
12.08, 294.81
12.30, 296.71
12.53, 294.24
12.53, 292.40
12.75, 292.22
12.75, 290.52
12.97, 296.63
12.97, 297.18
13.20, 298.80
13.20, 297.12
13.20, 296.04
13.20, 285.06
13.20, 284.28
13.20, 290.43
13.20, 286.76
13.20, 297.62
13.20, 297.27
13.20, 296.69
13.20, 289.15
13.20, 294.74
13.20, 293.61
13.20, 293.16
13.20, 299.39
13.42, 293.59
13.42, 295.33
13.42, 290.23
13.42, 293.53
13.42, 292.73
13.42, 293.15
13.42, 296.78
13.42, 294.80
13.42, 294.94
13.42, 294.90
13.42, 288.77
13.42, 289.03
13.20, 295.54
13.20, 293.92
13.20, 296.03
13.20, 290.75
13.20, 295.04
13.20, 294.25
13.42, 301.01
13.42, 300.59
13.42, 290.19
13.42, 293.45
13.42, 292.53
13.42, 291.66
13.42, 288.13
13.42, 286.45
13.42, 298.28
13.42, 292.83
13.42, 290.98
13.42, 293.69
13.42, 297.05
13.42, 295.22
13.42, 290.01
13.20, 292.21
13.20, 292.22
13.20, 287.21
13.20, 292.45
13.20, 295.71
13.20, 292.04
13.20, 293.12
13.20, 288.12
13.20, 288.37
13.20, 291.49
13.20, 286.94
13.20, 290.48
13.20, 293.77
13.20, 296.17
13.20, 291.51
13.20, 289.76
13.20, 288.72];