table = [0.00, 5.58
0.00, 5.58
0.00, 5.58
0.00, 5.58
0.00, 5.58
0.00, 5.58
0.00, 5.58
0.00, 5.58
0.00, 5.58
0.00, 5.58
0.00, 5.58
0.00, 5.58
0.00, 5.58
0.00, 5.58
0.00, 5.58
0.00, 5.58
0.00, 5.58
0.00, 5.58
0.22, 135.84
0.67, 326.04
2.24, 638.98
4.25, 940.32
6.93, 1064.21
9.84, 1089.64
12.75, 1092.98
16.11, 1240.59
19.24, 1345.17
23.04, 1911.07
28.19, 2015.86
32.88, 1682.37
32.88, 1682.37
32.88, 1682.37
32.88, 1682.37
32.88, 1682.37
32.66, 1682.37
32.21, 1682.37
30.65, 1682.37
28.63, 1682.37
25.95, 1682.37
23.04, 1682.37
20.13, 1682.37
16.78, 1682.37
13.65, 1682.37
9.84, 1682.37
4.70, 1682.37
0.00, 1682.37
0.00, 1682.37
0.00, 1682.37
0.00, 1682.37
0.00, 1682.37
0.00, 1682.37
0.00, 1682.37
0.00, 1682.37
0.00, 1682.37
0.00, 1682.37
0.00, 1682.37
0.00, 1682.37
0.00, 1682.37
0.00, 1682.37
0.00, 1682.37
0.00, 1682.37
0.00, 1682.37
0.00, 1682.37
0.00, 1682.37
0.00, 1682.37
0.00, 1682.37
0.00, 1682.37
0.00, 1682.37
0.00, 1682.37
0.00, 1682.37
0.00, 1682.37
0.00, 1682.37
0.00, 1682.37
0.00, 1682.37
0.00, 1682.37
0.00, 1682.37
0.00, 1682.37
0.00, 1682.37
0.00, 1682.37
0.00, 1682.37
0.00, 1682.37
0.00, 1682.37
0.00, 1682.37
0.00, 1682.37
0.00, 1682.37
0.00, 1682.37
0.00, 1682.37
0.00, 1682.37
0.00, 1682.37
0.00, 1682.37
0.00, 0.38
0.00, 0.38
0.00, 0.38
0.00, 0.38
0.00, 0.38
0.00, 0.38
0.00, 0.38
0.67, 489.05
2.24, 628.85
4.03, 613.55
5.59, 593.82
7.38, 605.13
8.95, 635.24
10.74, 629.64
12.53, 600.62
14.32, 570.99
15.88, 590.71
17.67, 576.30
19.24, 578.21
20.80, 590.99
22.59, 602.72
24.16, 613.30
25.95, 609.14
27.07, 583.39
27.07, 589.14
27.07, 591.46
27.29, 618.56
27.29, 593.85
27.29, 560.71
27.07, 580.77
27.07, 584.89
26.84, 689.37
26.84, 792.02
27.51, 764.18
27.96, 658.04
28.63, 966.49
29.97, 1091.86
31.76, 449.29
32.44, 1426.94
34.67, 1486.92
36.69, 1260.40
38.92, 1406.21
40.71, 1120.16
45.19, 2094.97
49.66, 1236.71
51.67, 1388.63
54.36, 1970.83
57.49, 539.14
58.16, 1789.12
60.17, 1845.02
61.74, 658.04
63.08, 2136.75
65.99, 2185.31
68.67, 2178.65
72.48, 2131.59
74.49, 2038.04
76.50, 1807.01
77.62, 993.84
74.94, 266.01
69.12, 129.04
69.12, 129.04
63.31, 56.55
59.73, 56.55
59.73, 56.55
59.73, 56.55
59.73, 56.55
55.48, 56.55
55.48, 56.55
50.55, 56.55
48.32, 56.55
44.07, 56.55
40.26, 56.55
36.91, 56.55
30.65, 56.55
24.61, 56.55
18.34, 56.55
12.30, 56.55
6.49, 56.55
1.34, 56.55
0.45, 56.55
0.22, 56.55
0.00, 56.55
0.00, 56.55];